n_samples=50000:
  count=50001
  mean=[ 1.12734029e-02  3.23236550e-02  2.18717923e-03 -5.66016264e+02
  8.27565284e+02  1.35880218e+03  6.46600946e+01  1.08558739e+02
  9.99980200e+01 -6.27901380e+00  7.29234070e+00 -1.46689083e+01
 -2.00262447e-02 -1.33961122e-02  1.99996000e-05  1.99996000e-05
  1.99996000e-05]
  M2=[1.04688112e+03 3.64634514e+02 2.31219491e+02 1.55930848e+12
 1.31824999e+12 3.85149528e+10 4.30181824e+11 4.02254147e+11
 9.80180398e+03 3.12280403e+08 2.76462018e+08 8.66420808e+06
 2.32401513e+04 2.67348228e+04 1.99998000e+00 1.99998000e+00
 1.99998000e+00]
  variance=[2.09372037e-02 7.29254442e-03 4.62429734e-03 3.11855459e+07
 2.63644725e+07 7.70283651e+05 8.60346441e+06 8.04492204e+06
 1.96032159e-01 6.24548315e+03 5.52912977e+03 1.73280696e+02
 4.64793730e-01 5.34685763e-01 3.99988000e-05 3.99988000e-05
 3.99988000e-05]
  std=[1.44696938e-01 8.53963958e-02 6.80021863e-02 5.58440202e+03
 5.13463460e+03 8.77658049e+02 2.93316628e+03 2.83635718e+03
 4.42755191e-01 7.90283693e+01 7.43581184e+01 1.31636126e+01
 6.81757823e-01 7.31222102e-01 6.32446045e-03 6.32446045e-03
 6.32446045e-03]

n_samples=100000:
  count=100001
  mean=[ 6.39518220e-03  2.66472728e-02  2.04526920e-03 -3.08534971e+02
  4.87914509e+02  1.54576894e+03 -5.74631939e+01 -6.24758502e+01
  9.99990100e+01 -3.74426968e+00  2.99061294e+00 -1.45482647e+01
 -1.91633065e-02  3.58981752e-03  9.99990000e-06  9.99990000e-06
  9.99990000e-06]
  M2=[1.60807252e+03 6.59178695e+02 3.81086621e+02 2.07590378e+12
 1.78384689e+12 8.48020966e+10 8.91103327e+11 8.86001094e+11
 9.80190199e+03 6.32070976e+08 5.57574768e+08 2.03519851e+07
 4.81699058e+04 5.17960819e+04 1.99999000e+00 1.99999000e+00
 1.99999000e+00]
  variance=[1.60805644e-02 6.59172103e-03 3.81082810e-03 2.07588302e+07
 1.78382906e+07 8.48012486e+05 8.91094416e+06 8.85992234e+06
 9.80180397e-02 6.32064656e+03 5.57569192e+03 2.03517816e+02
 4.81694241e-01 5.17955639e-01 1.99997000e-05 1.99997000e-05
 1.99997000e-05]
  std=[1.26809165e-01 8.11894145e-02 6.17319051e-02 4.55618592e+03
 4.22354005e+03 9.20875934e+02 2.98512046e+03 2.97656217e+03
 3.13078328e-01 7.95024940e+01 7.46705559e+01 1.42659671e+01
 6.94041959e-01 7.19691350e-01 4.47210241e-03 4.47210241e-03
 4.47210241e-03]

n_samples=150000:
  count=150001
  mean=[ 4.85192703e-03  2.46868593e-02  1.20339280e-03 -2.34537748e+02
  3.56912857e+02  1.68918634e+03 -3.87554010e+01 -3.75152462e+01
  9.99993400e+01 -1.91748962e+00  2.18097504e+00 -1.46776440e+01
 -2.64766095e-02 -5.55951310e-03  6.66662222e-06  6.66662222e-06
  6.66662222e-06]
  M2=[2.09124224e+03 1.00808691e+03 5.22314279e+02 2.38259491e+12
 2.08511188e+12 1.33035513e+11 1.36108927e+12 1.34586120e+12
 9.80193466e+03 9.32077746e+08 8.50219767e+08 3.70197960e+07
 7.33417209e+04 7.65524905e+04 1.99999333e+00 1.99999333e+00
 1.99999333e+00]
  variance=[1.39415220e-02 6.72053462e-03 3.48207198e-03 1.58838602e+07
 1.39006532e+07 8.86897509e+05 9.07386795e+06 8.97234817e+06
 6.53457954e-02 6.21381021e+03 5.66809400e+03 2.46796995e+02
 4.88941546e-01 5.10346534e-01 1.33332000e-05 1.33332000e-05
 1.33332000e-05]
  std=[1.18074222e-01 8.19788669e-02 5.90090839e-02 3.98545608e+03
 3.72835798e+03 9.41752361e+02 3.01228617e+03 2.99538782e+03
 2.55628237e-01 7.88277249e+01 7.52867451e+01 1.57097739e+01
 6.99243553e-01 7.14385424e-01 3.65146546e-03 3.65146546e-03
 3.65146546e-03]

n_samples=200000:
  count=200001
  mean=[ 4.16412837e-03  2.45978002e-02  1.27535298e-03 -1.80937346e+02
  3.25331535e+02  1.74974367e+03 -6.64091853e+01  1.75443009e+01
  9.99995050e+01 -1.98960455e+00  1.52063076e+00 -1.47892280e+01
 -2.81936315e-02  2.24450725e-03  4.99997500e-06  4.99997500e-06
  4.99997500e-06]
  M2=[2.67016779e+03 1.38645305e+03 6.86826917e+02 2.66759079e+12
 2.37207249e+12 1.76851232e+11 1.84108351e+12 1.79730601e+12
 9.80195100e+03 1.22993562e+09 1.14273153e+09 5.34309427e+07
 9.81846919e+04 1.01659324e+05 1.99999500e+00 1.99999500e+00
 1.99999500e+00]
  variance=[1.33507722e-02 6.93223059e-03 3.43411742e-03 1.33378873e+07
 1.18603032e+07 8.84251740e+05 9.20537152e+06 8.98648510e+06
 4.90095099e-02 6.14964734e+03 5.71362908e+03 2.67153378e+02
 4.90921005e-01 5.08294076e-01 9.99992500e-06 9.99992500e-06
 9.99992500e-06]
  std=[1.15545542e-01 8.32600180e-02 5.86013431e-02 3.65210723e+03
 3.44387909e+03 9.40346606e+02 3.03403552e+03 2.99774667e+03
 2.21380916e-01 7.84196872e+01 7.55885512e+01 1.63448272e+01
 7.00657552e-01 7.12947457e-01 3.16226580e-03 3.16226580e-03
 3.16226580e-03]

n_samples=250000:
  count=250001
  mean=[ 4.07973315e-03  2.60367640e-02  1.31075462e-03 -1.51525733e+02
  2.67112333e+02  1.78895564e+03 -6.23035768e+01  6.73862813e+00
  9.99996040e+01 -1.46654855e+00  9.05632794e-01 -1.49667820e+01
 -2.36137376e-02 -2.08150551e-03  3.99998400e-06  3.99998400e-06
  3.99998400e-06]
  M2=[3.43775695e+03 1.82781475e+03 9.06015265e+02 2.95451210e+12
 2.65653012e+12 2.17367994e+11 2.31215913e+12 2.25967446e+12
 9.80196080e+03 1.51744662e+09 1.44475684e+09 7.04024122e+07
 1.23070794e+05 1.26792720e+05 1.99999600e+00 1.99999600e+00
 1.99999600e+00]
  variance=[1.37509728e-02 7.31122975e-03 3.62404657e-03 1.18180011e+07
 1.06260780e+07 8.69468499e+05 9.24859954e+06 9.03866169e+06
 3.92076864e-02 6.06976219e+03 5.77900423e+03 2.81608522e+02
 4.92281208e-01 5.07168851e-01 7.99995200e-06 7.99995200e-06
 7.99995200e-06]
  std=[1.17264542e-01 8.55057294e-02 6.02000545e-02 3.43773197e+03
 3.25976655e+03 9.32452947e+02 3.04115102e+03 3.00643671e+03
 1.98009309e-01 7.79086785e+01 7.60197621e+01 1.67811955e+01
 7.01627542e-01 7.12157883e-01 2.82841864e-03 2.82841864e-03
 2.82841864e-03]

n_samples=300000:
  count=300001
  mean=[ 4.02370545e-03  2.59801564e-02  1.44601934e-03 -1.24237602e+02
  2.42763410e+02  1.82863870e+03 -4.25367692e+01  1.78113594e+01
  9.99996700e+01 -7.53703550e-01  8.36030261e-01 -1.50448732e+01
 -1.48181101e-02 -3.34084432e-03  3.33332222e-06  3.33332222e-06
  3.33332222e-06]
  M2=[4.10760716e+03 2.22244236e+03 1.07994953e+03 3.23039879e+12
 2.93506906e+12 2.60431306e+11 2.78100244e+12 2.71994681e+12
 9.80196733e+03 1.80852332e+09 1.74650705e+09 8.78664560e+07
 1.47652818e+05 1.52281960e+05 1.99999667e+00 1.99999667e+00
 1.99999667e+00]
  variance=[1.36919782e-02 7.40811649e-03 3.59981975e-03 1.07679601e+07
 9.78353093e+06 8.68101458e+05 9.26997723e+06 9.06645914e+06
 3.26731155e-02 6.02839098e+03 5.82167075e+03 2.92887210e+02
 4.92174420e-01 5.07604842e-01 6.66663333e-06 6.66663333e-06
 6.66663333e-06]
  std=[1.17012727e-01 8.60704159e-02 5.99984979e-02 3.28145701e+03
 3.12786364e+03 9.31719624e+02 3.04466373e+03 3.01105615e+03
 1.80757062e-01 7.76427136e+01 7.62998739e+01 1.71139478e+01
 7.01551438e-01 7.12463924e-01 2.58198244e-03 2.58198244e-03
 2.58198244e-03]

n_samples=350000:
  count=350001
  mean=[ 4.30362639e-03  2.56051352e-02  1.31288142e-03 -1.03288135e+02
  2.08391623e+02  1.85279329e+03 -2.59729477e+01  4.95145285e+00
  9.99997171e+01 -4.89558436e-01  3.62549232e-01 -1.50750095e+01
 -1.44045228e-02 -1.68229469e-03  2.85713469e-06  2.85713469e-06
  2.85713469e-06]
  M2=[4.76446480e+03 2.59881446e+03 1.23729354e+03 3.50315193e+12
 3.20375873e+12 3.00592588e+11 3.23962048e+12 3.19149422e+12
 9.80197200e+03 2.09850259e+09 2.04869199e+09 1.04791383e+08
 1.73611909e+05 1.76318479e+05 1.99999714e+00 1.99999714e+00
 1.99999714e+00]
  variance=[1.36127177e-02 7.42516295e-03 3.53511430e-03 1.00089769e+07
 9.15357023e+06 8.58833512e+05 9.25603208e+06 9.11852887e+06
 2.80055543e-02 5.99570454e+03 5.85338897e+03 2.99403097e+02
 4.96032608e-01 5.03765643e-01 5.71426122e-06 5.71426122e-06
 5.71426122e-06]
  std=[1.16673552e-01 8.61693852e-02 5.94568272e-02 3.16369672e+03
 3.02548678e+03 9.26732708e+02 3.04237277e+03 3.01969019e+03
 1.67348601e-01 7.74319349e+01 7.65074439e+01 1.73032684e+01
 7.04295824e-01 7.09764498e-01 2.39045210e-03 2.39045210e-03
 2.39045210e-03]

n_samples=400000:
  count=400001
  mean=[ 4.58027039e-03  2.55243490e-02  1.12712816e-03 -8.36286774e+01
  1.84163924e+02  1.86926174e+03 -2.31771431e+01  4.40624893e-01
  9.99997525e+01 -6.54530017e-01  2.50299661e-01 -1.51184146e+01
 -1.14057753e-02 -8.07744157e-03  2.49999375e-06  2.49999375e-06
  2.49999375e-06]
  M2=[5.47957282e+03 2.99394682e+03 1.40563040e+03 3.77403885e+12
 3.47463078e+12 3.41076681e+11 3.71800896e+12 3.63993672e+12
 9.80197550e+03 2.39193707e+09 2.34396327e+09 1.22231407e+08
 1.98389075e+05 2.01536791e+05 1.99999750e+00 1.99999750e+00
 1.99999750e+00]
  variance=[1.36988978e-02 7.48484834e-03 3.51406721e-03 9.43507353e+06
 8.68655523e+06 8.52689571e+05 9.29499917e+06 9.09981904e+06
 2.45048775e-02 5.97982772e+03 5.85989353e+03 3.05577753e+02
 4.95971446e-01 5.03840717e-01 4.99998125e-06 4.99998125e-06
 4.99998125e-06]
  std=[1.17042291e-01 8.65150180e-02 5.92795683e-02 3.07165648e+03
 2.94729626e+03 9.23411919e+02 3.04877011e+03 3.01659063e+03
 1.56540338e-01 7.73293458e+01 7.65499414e+01 1.74807824e+01
 7.04252403e-01 7.09817383e-01 2.23606378e-03 2.23606378e-03
 2.23606378e-03]

n_samples=450000:
  count=450001
  mean=[ 4.72190848e-03  2.53439891e-02  9.68955766e-04 -6.92016040e+01
  1.65751658e+02  1.88133689e+03 -1.53069433e+01  1.28081953e+01
  9.99997800e+01 -6.22874560e-01  4.52223471e-01 -1.51434446e+01
 -1.04358288e-02 -8.49496846e-03  2.22221728e-06  2.22221728e-06
  2.22221728e-06]
  M2=[6.16826487e+03 3.37673287e+03 1.56555540e+03 4.04473687e+12
 3.75155976e+12 3.81573876e+11 4.18768419e+12 4.11701313e+12
 9.80197822e+03 2.68259316e+09 2.64395443e+09 1.39040915e+08
 2.23466326e+05 2.26456192e+05 1.99999778e+00 1.99999778e+00
 1.99999778e+00]
  variance=[1.37072248e-02 7.50383416e-03 3.47900428e-03 8.98828419e+06
 8.33678094e+06 8.47940063e+05 9.30594418e+06 9.14889774e+06
 2.17821254e-02 5.96130488e+03 5.87544123e+03 3.08979125e+02
 4.96590733e-01 5.03234863e-01 4.44442963e-06 4.44442963e-06
 4.44442963e-06]
  std=[1.17077858e-01 8.66246741e-02 5.89830847e-02 2.99804673e+03
 2.88734843e+03 9.20836611e+02 3.05056457e+03 3.02471449e+03
 1.47587687e-01 7.72094870e+01 7.66514268e+01 1.75778020e+01
 7.04691942e-01 7.09390487e-01 2.10818159e-03 2.10818159e-03
 2.10818159e-03]

n_samples=500000:
  count=500001
  mean=[ 4.66882134e-03  2.50800557e-02  9.27407846e-04 -5.84945739e+01
  1.53229344e+02  1.88915314e+03 -1.05732495e+01  7.25948105e+00
  9.99998020e+01 -5.76264986e-01  3.31766509e-01 -1.51585299e+01
 -9.84150245e-03 -3.62890465e-03  1.99999600e-06  1.99999600e-06
  1.99999600e-06]
  M2=[6.86199255e+03 3.74981290e+03 1.71946286e+03 4.31508076e+12
 4.03276329e+12 4.22894045e+11 4.64896450e+12 4.58400932e+12
 9.80198040e+03 2.97692909e+09 2.93714887e+09 1.56041242e+08
 2.48992205e+05 2.50956782e+05 1.99999800e+00 1.99999800e+00
 1.99999800e+00]
  variance=[1.37239576e-02 7.49961080e-03 3.43891885e-03 8.63014425e+06
 8.06551045e+06 8.45786399e+05 9.29791040e+06 9.16800031e+06
 1.96039216e-02 5.95384627e+03 5.87428600e+03 3.12081861e+02
 4.97983415e-01 5.01912561e-01 3.99998800e-06 3.99998800e-06
 3.99998800e-06]
  std=[1.17149296e-01 8.66002933e-02 5.86422957e-02 2.93771072e+03
 2.83998423e+03 9.19666461e+02 3.04924751e+03 3.02787059e+03
 1.40014005e-01 7.71611707e+01 7.66438908e+01 1.76658388e+01
 7.05679400e-01 7.08457875e-01 1.99999700e-03 1.99999700e-03
 1.99999700e-03]

n_samples=550000:
  count=550001
  mean=[ 4.71135003e-03  2.47334060e-02  8.20843595e-04 -5.50445485e+01
  1.51127037e+02  1.89529252e+03 -1.33230372e+01  1.98997428e+01
  9.99998200e+01 -5.40512911e-01  3.23698617e-01 -1.51632699e+01
 -7.44415201e-03 -1.37792597e-03  1.81817851e-06  1.81817851e-06
  1.81817851e-06]
  M2=[7.50999769e+03 4.11608432e+03 1.87711328e+03 4.58505321e+12
 4.29861361e+12 4.62832797e+11 5.12481416e+12 5.03465040e+12
 9.80198218e+03 3.26504310e+09 3.23645604e+09 1.72920038e+08
 2.73655110e+05 2.76317367e+05 1.99999818e+00 1.99999818e+00
 1.99999818e+00]
  variance=[1.36545164e-02 7.48377607e-03 3.41292704e-03 8.33644522e+06
 7.81564691e+06 8.41512646e+05 9.31782699e+06 9.15389318e+06
 1.78217534e-02 5.93643122e+03 5.88445484e+03 3.14399497e+02
 4.97553840e-01 5.02394300e-01 3.63635372e-06 3.63635372e-06
 3.63635372e-06]
  std=[1.16852541e-01 8.65088208e-02 5.84202622e-02 2.88729029e+03
 2.79564785e+03 9.17339984e+02 3.05251159e+03 3.02554015e+03
 1.33498140e-01 7.70482395e+01 7.67102003e+01 1.77313140e+01
 7.05374964e-01 7.08797785e-01 1.90692258e-03 1.90692258e-03
 1.90692258e-03]

n_samples=600000:
  count=600001
  mean=[ 4.75544902e-03  2.43682892e-02  7.86624604e-04 -5.51155982e+01
  1.43423676e+02  1.90211699e+03 -1.29669075e+01  1.25660853e+01
  9.99998350e+01 -4.31945737e-01  7.75258851e-02 -1.51610764e+01
 -6.14039485e-03 -2.12712428e-03  1.66666389e-06  1.66666389e-06
  1.66666389e-06]
  M2=[8.17463860e+03 4.47516514e+03 2.02793783e+03 4.85164742e+12
 4.57954175e+12 5.02869913e+11 5.60088486e+12 5.50812957e+12
 9.80198367e+03 3.56226514e+09 3.52896108e+09 1.89651219e+08
 2.98190723e+05 3.01787939e+05 1.99999833e+00 1.99999833e+00
 1.99999833e+00]
  variance=[1.36243750e-02 7.45859613e-03 3.37989074e-03 8.08606555e+06
 7.63255685e+06 8.38115125e+05 9.33479254e+06 9.18020064e+06
 1.63366122e-02 5.93709867e+03 5.88159200e+03 3.16084839e+02
 4.96983710e-01 5.02979060e-01 3.33332500e-06 3.33332500e-06
 3.33332500e-06]
  std=[1.16723498e-01 8.63631642e-02 5.81368278e-02 2.84360081e+03
 2.76270825e+03 9.15486278e+02 3.05528927e+03 3.02988459e+03
 1.27814757e-01 7.70525708e+01 7.66915380e+01 1.77787750e+01
 7.04970716e-01 7.09210167e-01 1.82573958e-03 1.82573958e-03
 1.82573958e-03]

n_samples=650000:
  count=650001
  mean=[ 4.68674112e-03  2.40965938e-02  8.08747457e-04 -4.70806910e+01
  1.31800064e+02  1.90984359e+03 -4.67068403e+00  3.13443812e+00
  9.99998477e+01 -2.79851655e-01 -7.56352195e-02 -1.51652553e+01
 -5.39187732e-03 -6.21258891e-03  1.53845917e-06  1.53845917e-06
  1.53845917e-06]
  M2=[8.82018199e+03 4.84933587e+03 2.17741910e+03 5.11892974e+12
 4.84532706e+12 5.41220368e+11 6.06406045e+12 5.97101059e+12
 9.80198492e+03 3.85420310e+09 3.82707103e+09 2.06550384e+08
 3.23405354e+05 3.26554661e+05 1.99999846e+00 1.99999846e+00
 1.99999846e+00]
  variance=[1.35694899e-02 7.46050525e-03 3.34987039e-03 7.87526440e+06
 7.45433786e+06 8.32645438e+05 9.32930942e+06 9.18615601e+06
 1.50799536e-02 5.92953411e+03 5.88779252e+03 3.17769332e+02
 4.97545934e-01 5.02391013e-01 3.07691598e-06 3.07691598e-06
 3.07691598e-06]
  std=[1.16488153e-01 8.63742164e-02 5.78780648e-02 2.80629015e+03
 2.73026333e+03 9.12494076e+02 3.05439183e+03 3.03086720e+03
 1.22800463e-01 7.70034681e+01 7.67319524e+01 1.78260857e+01
 7.05369360e-01 7.08795466e-01 1.75411401e-03 1.75411401e-03
 1.75411401e-03]

