n_samples=50000:
  count=50001
  mean=[ 1.20359456e-02  3.95710258e-02  3.24040972e-03  1.67340297e+03
  2.11574526e+02 -3.06604356e+02  9.99980200e+01  7.55955928e-01
 -4.56331052e-02 -1.60110982e+01 -5.86461461e-03 -4.24549469e-02
  1.99996000e-05  1.99996000e-05  1.99996000e-05]
  M2=[1.15744719e+03 4.65086359e+02 2.91080547e+02 4.52317460e+10
 5.49121953e+11 8.90015169e+11 9.80180398e+03 2.73326192e+08
 3.05778687e+08 1.51638902e+07 2.53538427e+04 2.45583147e+04
 1.99998000e+00 1.99998000e+00 1.99998000e+00]
  variance=[2.31484808e-02 9.30154115e-03 5.82149451e-03 9.04616827e+05
 1.09822194e+07 1.77999474e+07 1.96032159e-01 5.46641452e+03
 6.11545143e+03 3.03271739e+02 5.07066713e-01 4.91156470e-01
 3.99988000e-05 3.99988000e-05 3.99988000e-05]
  std=[1.52146248e-01 9.64444978e-02 7.62987189e-02 9.51113467e+02
 3.31394318e+03 4.21899839e+03 4.42755191e-01 7.39352048e+01
 7.82013519e+01 1.74146989e+01 7.12086169e-01 7.00825563e-01
 6.32446045e-03 6.32446045e-03 6.32446045e-03]

